number,
913,
1445,
296,
1770,
1719,
25,
791,
67,
264,
265,
10943,
1963,
364,
250,
496,
3273,
473,
4162,
13,
9,
339,
38,
132,
443,
7443,
154,
12,
46,
403,
289,
114,
822,
509,
501,
448,
6037,
140,
208,
480,
619,
1733,
9,
64,
7253,
284,
2,
48,
6939,
6135,
2352,
93,
27396,
904,
7773,
132,
182,
30,
253,
66,
22,
31,
33,
253,
109,
3668,
442,
392305,
35,
2534,
544,
278,
78,
4,
500,
1596,
187519,
142,
1746,
3580,
87,
669,
541,
153,
252,
100,
189,
101,
68,
3875,
125,
1654,
324,
488,
15,
104,
169,
180,
390,
182,
2227,
253,
6569,
28,
59,
126,
56,
205,
322,
720,
86,
175,
71,
246,
41,
85,
52615,
1133,
164,
303,
2081,
3751,
356,
40,
34,
1569,
511,
14864,
219571,
104,
849,
236,
13286,
3100,
13,
2650,
1203,
31924,
85,
880,
44,
880,
279,
16276,
1516,
43327,
265,
188,
1689,
4022,
813,
110,
537,
386,
176,
74,
384,
4053,
199,
2,
2,
1185,
25,
894,
206,
65,
55,
154,
107,
1712,
299,
2270,
159,
32,
396,
128,
19,
1107,
9044,
123,
111,
20085,
37,
303,
97,
4049,
666,
121,
377,
273,
42,
3,
478,
11,
1711,
720,
46,
316,
301,
2,
21,
11,
73,
15,
75,
1,
4789,
17,
49,
25,
25,
135,
155,
207,
1373,
712016,
601,
19,
6106,
3521,
11,
375,
96,
616,
161,
262,
28178,
18,
295,
8,
204,
18741,
3,
27530,
1381,
569,
1258,
741855,
610,
131,
2,
2,
2,
2,
2,
2,
2,
10075,
306,
54,
49,
7159,
2,
1124,
2,
2284,
5586,
1684,
32,
2094,
11864,
341,
3502,
502,
93,
240,
57760,
2952,
8340,
2314,
2743,
2,
1740,
29,
23,
19444,
8767,
699,
25795,
202,
7040,
2,
7,
2,
648,
232,
391,
138,
1916,
262,
1594,
1388,
2160,
4061,
21,
179,
2705,
2,
2,
2,
5109,
30,
162,
434,
152,
5,
2,
18,
51,
30,
120,
3,
4,
4,
3,
4,
3,
28235,
2332,
222,
6600,
647,
9,
2,
3,
47,
153,
9,
6087,
238,
3543,
53,
2,
386,
2,
1163,
2,
26871,
584,
114,
104669,
162,
31464,
21,
1334,
58,
37750,
396,
11321,
707,
890,
61426,
16695,
138,
2,
23141,
394,
16876,
13,
337,
3393,
4,
72,
2,
154,
2,
2265,
7207,
424,
327,
61,
86,
166254,
10,
1,
167,
45,
102,
51,
130,
174,
1896,
1559,
191943,
35873,
83984,
51550,
1824,
19,
238,
1548,
507,
13192,
77,
856,
407,
1259,
2597,
856,
2489,
119,
98,
7783,
377,
16,
1358,
125,
510,
1841,
29996,
1652,
49026,
32918,
47251,
2488,
3,
37630,
495,
8,
2,
2,
161,
9102,
0,
2,
14017,
66,
82,
132535,
14557,
22879,
275,
199,
11543,
2,
13539,
259,
426,
52460,
603,
3,
2920,
5,
2,
2,
263,
362,
362,
554,
2753,
97747,
191678,
30,
22538,
1388,
2232,
30914,
1595,
2,
963,
398,
120,
2,
2,
418,
485,
361,
5019,
3158,
260,
4530,
21,
1429,
102,
7834,
457,
628,
2,
2,
22,
33,
2,
328,
162,
2,
260,
2,
2,
202,
126847,
8,
541,
49,
202,
202,
16,
35,
134,
20,
22,
13,
17,
18,
13,
29,
22,
45,
2,
6,
19,
2,
10,
3148,
193,
133,
16282,
64,
295,
2,
118,
109,
11210,
169,
19,
19,
1131,
5,
6,
4,
12,
2,
227,
227,
822,
308,
93,
215,
63567,
276,
291257,
9,
504,
5598,
304,
308,
80,
92,
10,
10,
10,
10,
2,
2,
2,
3257,
2,
67,
11,
2,
5,
2166,
687,
28,
8,
24,
22,
44,
7057,
385,
5475,
22,
2,
3383,
18,
35,
938,
44789,
71,
2271,
83,
375,
10679,
528,
2517,
5687,
5,
354401,
5184,
400,
267,
4358,
619,
878,
10,
7929,
51402,
1619,
232,
51838,
87,
16,
2,
3087,
676,
4409,
1549,
519,
12,
851,
113,
23,
2,
235,
27,
263,
2,
34024,
18,
856,
856,
856,
3686,
241,
15349,
891,
51,
325,
3594,
1172,
16,
1831,
649,
175,
32,
7,
360,
2777,
9464,
4546,
722298,
14,
400,
184165,
0,
11882,
1730,
2,
2,
173,
1847,
1610,
55,
325,
63,
23,
33,
667,
1515,
59,
161,
374,
11254,
177973,
412,
4842,
19,
3303,
52,
5,
410,
13682,
3882,
1673,
787,
114,
111,
155,
44,
1904,
6259,
563,
5,
25,
10589,
308,
67902,
1210,
4924,
1803,
228,
2270,
3507,
630,
291,
57,
57,
1768,
2474,
0,
249,
115645,
661,
3359,
195,
389,
2948,
3672,
39,
1544,
159,
385,
69432,
69688,
184,
134,
186,
39,
4,
388,
2905,
1025,
11291,
280,
47,
813,
79,
107838,
90915,
33,
2309,
673,
15,
3835,
541,
702,
769,
47,
56,
4735,
1865,
5899,
674,
377,
1729,
264,
377,
408,
10031,
435,
2463,
1281,
178,
1153,
1718,
85,
10,
7,
15,
649,
702,
332,
68,
761,
858,
0,
2,
0,
2,
2,
2,
633,
560,
3153,
141,
346,
859,
15508,
5,
5,
163,
34,
1554,
224,
1548,
74,
379,
733,
0,
152,
123,
72,
1785,
138,
227,
8620,
2,
2,
2,
2272,
633,
182072,
20,
220,
631,
380,
13457,
703042,
21,
1251,
97,
2297,
3134,
1771,
143,
160,
2,
2,
15,
51494,
229,
533,
880,
3977,
880,
147,
35,
267,
875,
3560,
3932,
375,
4,
2084,
76154,
529,
628,
2,
45,
1597,
1600,
2025,
895,
14,
443,
39,
542,
276,
53,
922,
90,
400,
31,
1123,
345,
23,
2098,
567,
291,
1691,
35,
6623,
33,
2700,
132,
113,
46761,
2,
280,
442,
8797,
194,
88854,
2,
2,
7,
202,
362,
486,
51063,
96,
5,
347,
147738,
552,
158239,
305349,
692,
79,
2310,
458,
1,
2125,
1307,
416,
1545,
5345,
10,
12,
1074,
122420,
1121,
763,
2387,
30,
1263,
695,
41,
2071,
822,
319,
2711,
56,
1382,
1423,
4,
223,
125,
1908,
294,
525,
304,
1584,
177,
38,
2390,
109155,
89,
2736,
54,
172,
116,
64,
1835,
507,
832,
339,
501,
334,
243,
22,
176,
959,
626,
1711,
127,
13,
311,
51,
7,
7,
10238,
1971,
1019,
563,
628,
3428,
61,
578,
9,
167,
1,
964,
2,
2,
101,
101,
4,
1864,
48,
20,
132,
20,
20,
12,
325,
7,
12,
225,
193,
458,
8,
1619,
46,
32,
965,
2,
38705,
9406,
44,
26837,
2,
102,
28,
63,
572,
4672,
176769,
69,
30960,
495,
19532,
518,
729,
4530,
1185,
709,
431,
260,
79,
413,
417,
14361,
2,
2,
2,
2,
2,
2,
2,
2,
2,
2,
2,
13,
314,
157,
3892,
107254,
125,
7614,
752,
2711,
272,
2,
2,
2,
33,
31,
691,
1846,
1462,
145,
29414,
5,
179,
161,
3271,
54,
2,
2,
2,
63809,
