number,
2,
3,
93,
245,
1,
1,
48,
0,
12,
12,
19,
11,
16,
11,
75,
294,
3,
203,
9,
5,
6,
30,
18,
2,
306,
88,
8,
5,
5,
0,
0,
0,
0,
0,
0,
0,
0,
0,
0,
0,
225,
54,
3,
12,
0,
0,
0,
18,
1,
0,
13,
353,
17,
168,
49,
259,
0,
111,
0,
0,
0,
33,
4,
0,
13,
0,
297,
0,
0,
33,
24,
14,
2,
378,
218,
70,
27,
29,
0,
71,
2,
8,
97,
12,
4,
58,
42,
55,
0,
2,
7,
1365,
30,
8,
5,
172,
68,
82,
204,
150,
122,
10,
9,
12,
39,
0,
38,
0,
158,
11,
122,
59,
25,
3,
28,
67,
0,
69,
14,
166,
181,
41,
30,
0,
34,
0,
441,
10,
35,
110,
74,
15,
27,
19,
117,
153,
381,
275,
7,
5,
7,
0,
251,
25,
248,
5,
2,
0,
1,
30,
26,
38,
24,
0,
23,
213,
4,
10,
0,
0,
4,
18,
32,
103,
5,
9,
142,
0,
18,
11,
9,
34,
0,
5,
30,
342,
183,
20,
5,
0,
71,
0,
0,
2,
0,
190,
84,
0,
9,
38,
0,
26,
5,
28,
78,
0,
0,
4,
0,
14,
0,
85,
15,
101,
0,
17,
18,
58,
24,
24,
2,
19,
0,
0,
69112,
12,
13,
3,
4,
0,
4,
4,
107,
95,
7,
72,
4,
5,
7,
0,
45,
0,
31,
103,
48,
70,
129,
60,
0,
0,
0,
0,
0,
0,
0,
0,
41,
54,
3,
26,
274,
0,
38,
0,
3,
295,
6,
17,
120,
217,
12,
13,
2,
2,
8,
82,
102,
2,
1,
10,
0,
29,
3,
0,
2,
9,
6,
54,
108,
207,
0,
0,
0,
1,
5,
0,
5,
12,
0,
0,
44,
53,
135,
31,
0,
165,
12,
12,
6,
83,
39,
16,
657,
7,
0,
0,
10,
22,
38,
3,
0,
0,
0,
0,
0,
0,
43,
41,
5,
0,
100,
2,
62,
0,
13,
1,
46,
0,
432,
12,
19,
0,
26,
0,
5,
0,
18,
66,
16,
139,
1,
19,
40,
4,
28,
194,
0,
315,
0,
43,
10,
168,
248,
0,
950,
132,
2,
11,
174,
260,
3,
25,
62,
3,
0,
2,
64,
129,
71,
43,
72,
12,
11,
33,
73,
41,
32,
27,
107,
82,
0,
4,
0,
6,
305,
9,
7,
33,
1,
9,
24,
0,
17,
7,
0,
20,
6,
7,
366,
0,
2,
20,
50,
10,
14,
9,
29,
0,
0,
0,
0,
0,
889,
380,
0,
82,
45,
3,
0,
10,
31,
38,
66,
0,
285,
0,
0,
12,
79,
3,
6,
7,
13,
0,
20,
3,
193,
94,
263,
0,
86,
10,
0,
0,
53,
12,
12,
7,
9,
18,
18,
0,
18,
233,
2,
53,
41,
0,
96,
130,
0,
0,
0,
0,
43,
43,
22,
16,
2,
0,
0,
18,
0,
417,
92,
17,
0,
0,
21,
12,
0,
59,
0,
0,
22,
0,
0,
210,
59,
19,
0,
19,
106,
106,
15,
38,
146,
10,
19,
10,
19,
0,
10,
23,
25,
0,
0,
2,
0,
0,
11,
0,
1,
135,
15,
0,
23,
56,
32,
19,
399,
33,
21,
27,
0,
0,
0,
0,
0,
0,
0,
0,
57,
3,
36,
98,
0,
13,
103,
0,
2,
8,
8,
6,
0,
2,
11,
11,
11,
11,
0,
0,
0,
1,
0,
62,
7,
0,
0,
19,
58,
2,
1,
0,
2,
2,
197,
22,
14,
43,
9,
16,
0,
0,
145,
0,
5,
24,
4,
1,
0,
34,
11,
0,
8,
27,
0,
16,
686,
3,
22,
41,
0,
8,
21,
0,
121,
249,
55,
0,
0,
14,
13,
17,
779,
0,
3,
1,
3,
1,
21,
85,
2,
103,
0,
32,
17,
7,
7,
7,
11,
36,
2,
2,
13,
35,
11,
13,
12,
45,
678,
2,
6,
7,
41,
1,
26,
239,
18,
0,
0,
97,
0,
32,
99,
0,
1,
22,
94,
1,
105,
27,
27,
21,
0,
42,
128,
17,
81,
2,
773,
885,
1,
4,
16,
167,
8,
17,
59,
708,
2,
0,
0,
0,
0,
4,
0,
65,
86,
0,
17,
8,
120,
6,
362,
62,
85,
92,
23,
100,
93,
26,
24,
672,
35,
2,
59,
0,
6,
17,
9,
112,
115,
168,
118,
130,
5,
82,
2,
86,
81,
81,
51,
0,
0,
0,
12,
135,
28,
128,
320,
60,
3,
23,
2,
26,
44,
0,
61,
202,
33,
101,
220,
244,
243,
0,
13,
73,
44,
182,
21,
1,
98,
33,
22,
35,
60,
0,
31,
6,
41,
22,
199,
12,
10,
17,
6,
0,
244,
36,
28,
76,
65,
25,
0,
58,
14,
0,
3,
18,
37,
156,
10,
58,
424,
13,
17,
17,
8,
26,
143,
20,
9,
32,
1,
13,
0,
0,
28,
0,
0,
0,
0,
249,
29,
0,
0,
0,
32,
248,
26,
110,
12,
58,
22,
376,
3,
13,
0,
37,
119,
0,
21,
13,
0,
0,
8,
36,
77,
0,
7,
178,
7,
31,
86,
0,
160,
206,
138,
11,
1,
2,
94,
41,
21,
0,
27,
51,
42,
125,
54,
4,
33,
0,
10,
24,
5,
58,
128,
34,
44,
82,
10,
0,
4,
68,
7,
1,
0,
5,
0,
1,
139,
106,
52,
0,
0,
17,
310,
37,
0,
0,
0,
5,
106,
12,
30,
9,
0,
4,
70,
12,
6,
12,
1,
112,
0,
0,
75,
0,
0,
214,
2,
157,
1,
4,
17,
14,
46,
38,
36,
2,
12,
52,
1,
4,
60,
680,
108,
378,
0,
77,
1034,
1,
1,
210,
14,
35,
7,
0,
211,
40,
4,
407,
21,
63,
50,
1,
0,
49,
0,
0,
52,
2,
34,
3,
9,
18,
36,
22,
64,
39,
28,
0,
11,
14,
0,
7,
7,
326,
160,
1,
27,
1,
24,
0,
3,
9,
14,
1,
83,
0,
0,
0,
0,
1,
3,
0,
33,
48,
0,
0,
0,
0,
10,
0,
16,
95,
298,
11,
16,
22,
28,
3,
0,
0,
81,
22,
279,
0,
24,
8,
0,
2,
96,
391,
41,
22,
21,
118,
41,
32,
1,
1,
92,
32,
0,
46,
198,
199,
119,
35,
5,
21,
16,
5,
0,
26,
0,
13,
17,
0,
0,
15,
671,
2,
0,
0,
119,
3,
8,
0,
0,
0,
0,
19,
11,
0,
5,
3,
4,
278,
0,
3,
3,
10,
3,
0,
0,
0,
166,
